0.0,0.0,0.0,1.0,0.0
0.0,0.0,0.0,9.0,0.0
0.0,0.0,0.0,47.0,0.0
0.0,0.0,0.0,2.0,0.0
0.0,0.0,0.0,4.0,0.0
0.0,0.0,0.0,8.0,0.0
0.0,0.0,0.0,6.0,0.0
0.0,0.0,0.0,13.0,0.0
0.0,0.0,0.0,1.0,0.0
0.0,0.0,0.0,4.0,0.0
0.0,0.0,0.0,1.0,0.0
0.0,0.0,0.0,1.0,0.0
0.0,0.0,0.0,1.0,0.0
0.0,0.0,0.0,1.0,0.0
0.0,0.0,0.0,7.0,0.0
0.0,0.0,0.0,14.0,0.0
0.0,0.0,0.0,3.0,0.0
0.0,0.0,0.0,1.0,0.0
0.0,0.0,0.0,1.0,0.0
0.0,0.0,0.0,1.0,0.0
0.0,0.0,0.0,8.0,0.0
0.0,0.0,0.0,1.0,0.0
0.0,0.0,0.0,1.0,0.0
0.0,0.0,0.0,2.0,0.0
0.0,0.0,0.0,2.0,0.0
0.0,0.0,0.0,3.0,0.0
0.0,0.0,0.0,1.0,0.0
0.0,0.0,0.0,2.0,0.0
0.0,0.0,0.0,1.0,0.0
0.0,0.0,0.0,2.0,0.0
0.0,0.0,0.0,1.0,0.0
0.0,0.0,0.0,2.0,0.0
0.0,0.0,0.0,37.0,0.0
0.0,0.0,0.0,2.0,0.0
0.0,0.0,0.0,1.0,0.0
0.0,0.0,0.0,1.0,0.0
0.0,0.0,0.0,1.0,0.0
0.0,1.0,0.0,0.0,0.0
0.0,1.0,0.0,0.0,0.0
2824.0,8452.0,0.0,1.0,0.0
824.0,13311.0,0.0,0.0,0.0
1116.0,10901.0,0.0,93.0,0.0
3214.0,3739.0,0.0,0.0,0.0
1651.0,2074.0,0.0,0.0,0.0
9099.0,20934.0,0.0,12.0,0.0
20.0,277973.0,0.0,17.0,0.0
107.0,371989.0,0.0,45.0,0.0
50.0,87730.0,0.0,3.0,0.0
9168.0,46327.0,0.0,48.0,0.0
78.0,546815.0,0.0,35.0,0.0
30.0,173450.0,0.0,27.0,0.0
47.0,193248.0,0.0,16.0,0.0
73.0,523129.0,0.0,15.0,0.0
27.0,292997.0,0.0,19.0,0.0
2712.0,15522.0,0.0,0.0,0.0
895.0,15431.0,0.0,9.0,0.0
50.0,93035.0,0.0,10.0,0.0
1063.0,17402.0,0.0,0.0,0.0
971.0,18563.0,0.0,0.0,0.0
966.0,19862.0,0.0,0.0,0.0
356.0,20396.0,0.0,5.0,0.0
1887.0,21290.0,0.0,1.0,0.0
700.0,24018.0,0.0,1.0,0.0
876.0,21593.0,0.0,0.0,0.0
815.0,23668.0,0.0,0.0,0.0
942.0,21590.0,0.0,0.0,0.0
275.0,21400.0,0.0,0.0,0.0
1493.0,23219.0,0.0,0.0,0.0
100.0,22927.0,0.0,2.0,0.0
934.0,22170.0,0.0,33.0,0.0
1520.0,23284.0,0.0,0.0,0.0
1210.0,21949.0,0.0,0.0,0.0
552.0,22828.0,0.0,0.0,0.0
638.0,19363.0,0.0,0.0,0.0
2479.0,20464.0,0.0,0.0,0.0
284.0,30709.0,0.0,0.0,0.0
56.0,5274.0,0.0,0.0,0.0
31.0,9305.0,0.0,0.0,0.0
77.0,13885.0,0.0,0.0,0.0
60.0,10244.0,0.0,0.0,0.0
40.0,5024.0,0.0,0.0,0.0
38.0,8464.0,0.0,0.0,0.0
57.0,5280.0,0.0,0.0,0.0
226.0,16010.0,0.0,0.0,0.0
61.0,11188.0,0.0,0.0,0.0
126.0,7951.0,0.0,0.0,0.0
38.0,6328.0,0.0,0.0,0.0
45.0,8737.0,0.0,0.0,0.0
45.0,5568.0,0.0,0.0,0.0
60.0,10805.0,0.0,0.0,0.0
41.0,7139.0,0.0,0.0,0.0
89.0,6092.0,0.0,0.0,0.0
30.0,7886.0,0.0,0.0,0.0
42.0,4142.0,0.0,0.0,0.0
39.0,6215.0,0.0,0.0,0.0
0.0,4.0,0.0,0.0,0.0
0.0,1.0,0.0,0.0,0.0
0.0,11696.0,0.0,0.0,0.0
0.0,3143.0,0.0,0.0,0.0
0.0,1174.0,0.0,0.0,0.0
0.0,9310.0,0.0,0.0,0.0
0.0,11650.0,0.0,0.0,0.0
0.0,12281.0,0.0,0.0,0.0
0.0,12049.0,0.0,5.0,0.0
0.0,8334.0,0.0,0.0,0.0
0.0,2632.0,0.0,0.0,0.0
0.0,11828.0,0.0,0.0,0.0
0.0,6615.0,0.0,0.0,0.0
0.0,4932.0,0.0,0.0,0.0
0.0,3212.0,0.0,0.0,0.0
0.0,15581.0,0.0,0.0,0.0
0.0,23506.0,0.0,0.0,0.0
0.0,8820.0,0.0,0.0,0.0
0.0,5583.0,0.0,0.0,0.0
0.0,10571.0,0.0,0.0,0.0
0.0,9607.0,0.0,0.0,0.0
0.0,15056.0,0.0,0.0,0.0
0.0,24841.0,0.0,0.0,0.0
0.0,12851.0,0.0,0.0,0.0
0.0,2337.0,0.0,0.0,0.0
0.0,2987.0,0.0,0.0,0.0
0.0,8409.0,0.0,0.0,0.0
0.0,2622.0,0.0,0.0,0.0
0.0,3764.0,0.0,0.0,0.0
0.0,16453.0,0.0,0.0,0.0
0.0,2404.0,0.0,0.0,0.0
0.0,1118.0,0.0,0.0,0.0
0.0,5638.0,0.0,0.0,0.0
0.0,7321.0,0.0,0.0,0.0
0.0,5672.0,0.0,0.0,0.0
0.0,2175.0,0.0,0.0,0.0
0.0,7619.0,0.0,0.0,0.0
0.0,6906.0,0.0,0.0,0.0
7090.0,106.0,0.0,0.0,0.0
2038.0,3569.0,0.0,1.0,0.0
1268.0,6670.0,0.0,150.0,0.0
3315.0,530.0,0.0,17.0,0.0
5192.0,404.0,0.0,0.0,0.0
7857.0,155.0,0.0,0.0,0.0
1742.0,2729.0,0.0,25.0,0.0
161.0,2560.0,0.0,5.0,0.0
5022.0,2654.0,0.0,12.0,0.0
38.0,7010.0,0.0,2900.0,0.0
2087.0,8627.0,0.0,126.0,0.0
695.0,6259.0,0.0,298.0,0.0
14.0,8144.0,0.0,48.0,0.0
1156.0,6273.0,0.0,507.0,0.0
102.0,5168.0,0.0,1373.0,0.0
24.0,6536.0,0.0,5.0,0.0
6425.0,105.0,0.0,0.0,0.0
5002.0,880.0,0.0,2.0,0.0
1901.0,7129.0,0.0,3.0,0.0
560.0,11435.0,0.0,881.0,0.0
690.0,14120.0,0.0,63.0,0.0
1865.0,3522.0,0.0,1.0,0.0
1436.0,11826.0,0.0,20.0,0.0
3144.0,13764.0,0.0,25.0,0.0
408.0,12869.0,0.0,0.0,0.0
432.0,2776.0,0.0,16.0,0.0
2299.0,4261.0,0.0,2.0,0.0
5733.0,8427.0,0.0,13.0,0.0
0.0,9241.0,0.0,1171.0,0.0
0.0,9883.0,0.0,626.0,0.0
6868.0,4909.0,0.0,0.0,0.0
55.0,8631.0,0.0,1012.0,0.0
908.0,4982.0,0.0,63.0,0.0
660.0,6446.0,0.0,9.0,0.0
395.0,5299.0,0.0,5.0,0.0
135.0,11022.0,0.0,7.0,0.0
8446.0,4504.0,0.0,0.0,0.0
4177.0,8477.0,0.0,12.0,0.0
8.0,6079.0,0.0,15.0,0.0
2350.0,4535.0,0.0,0.0,0.0
56.0,9161.0,0.0,1.0,0.0
178.0,9828.0,0.0,150.0,0.0
212.0,4408.0,0.0,1.0,0.0
1164.0,6617.0,0.0,103.0,0.0
538.0,15089.0,0.0,128.0,0.0
17950.0,14945.0,0.0,0.0,0.0
13128.0,6214.0,0.0,0.0,0.0
44.0,3489.0,0.0,971.0,0.0
5.0,5388.0,0.0,5156.0,0.0
143.0,9257.0,0.0,3899.0,0.0
0.0,7194.0,0.0,3265.0,0.0
670.0,9142.0,0.0,0.0,0.0
1900.0,12506.0,0.0,25.0,0.0
7.0,9351.0,0.0,151.0,0.0
7913.0,255.0,0.0,47.0,0.0
8079.0,1860.0,0.0,209.0,0.0
393.0,10375.0,0.0,591.0,0.0
2137.0,9108.0,0.0,4.0,0.0
6242.0,1172.0,0.0,76.0,0.0
26.0,6123.0,0.0,133.0,0.0
2591.0,8555.0,0.0,78.0,0.0
62.0,10366.0,0.0,15.0,0.0
9890.0,960.0,0.0,10.0,0.0
7406.0,526.0,0.0,3.0,0.0
1373.0,559.0,0.0,0.0,0.0
6151.0,4152.0,0.0,1.0,0.0
160.0,8965.0,0.0,9.0,0.0
4081.0,2508.0,0.0,0.0,0.0
4603.0,3685.0,0.0,0.0,0.0
855.0,3597.0,0.0,6.0,0.0
312.0,10871.0,0.0,2.0,0.0
96.0,14949.0,0.0,77.0,0.0
405.0,4352.0,0.0,70.0,0.0
3344.0,7547.0,0.0,278.0,0.0
1637.0,7164.0,0.0,24.0,0.0
397.0,11769.0,0.0,0.0,0.0
2895.0,12523.0,0.0,205.0,0.0
7365.0,614.0,0.0,0.0,0.0
5126.0,1298.0,0.0,2.0,0.0
308.0,4405.0,0.0,3.0,0.0
850.0,7789.0,0.0,27.0,0.0
4721.0,2222.0,0.0,0.0,0.0
721.0,10331.0,0.0,2340.0,0.0
37.0,11819.0,0.0,24.0,0.0
140.0,10849.0,0.0,0.0,0.0
4303.0,11298.0,0.0,10.0,0.0
1075.0,8134.0,0.0,28.0,0.0
915.0,3744.0,0.0,0.0,0.0
29.0,8340.0,0.0,351.0,0.0
1.0,8598.0,0.0,1278.0,0.0
20.0,8159.0,0.0,0.0,0.0
4786.0,3567.0,0.0,0.0,0.0
1493.0,10678.0,0.0,468.0,0.0
49.0,11370.0,0.0,23.0,0.0
80.0,6932.0,0.0,4.0,0.0
280.0,11861.0,0.0,60.0,0.0
890.0,6445.0,0.0,33.0,0.0
819.0,3859.0,0.0,7.0,0.0
11469.0,3122.0,0.0,6.0,0.0
295.0,14103.0,0.0,28.0,0.0
4071.0,5789.0,0.0,2.0,0.0
11.0,784.0,0.0,44.0,0.0
460.0,4846.0,0.0,5.0,0.0
576.0,8808.0,0.0,3.0,0.0
159.0,8104.0,0.0,1.0,0.0
1592.0,4888.0,0.0,0.0,0.0
558.0,8616.0,0.0,430.0,0.0
1.0,8010.0,0.0,193.0,0.0
357.0,15201.0,0.0,29.0,0.0
22.0,9708.0,0.0,6.0,0.0
1714.0,9384.0,0.0,46.0,0.0
1006.0,11735.0,0.0,343.0,0.0
419.0,6230.0,0.0,123.0,0.0
4546.0,11118.0,0.0,0.0,0.0
952.0,7617.0,0.0,1552.0,0.0
539.0,4779.0,0.0,1545.0,0.0
16.0,6555.0,0.0,4353.0,0.0
4561.0,1689.0,0.0,0.0,0.0
1357.0,4727.0,0.0,138.0,0.0
1118.0,6851.0,0.0,18.0,0.0
737.0,7027.0,0.0,12.0,0.0
6592.0,591.0,0.0,39.0,0.0
6432.0,132.0,0.0,2.0,0.0
5456.0,1799.0,0.0,65.0,0.0
4931.0,3088.0,0.0,81.0,0.0
5770.0,1763.0,0.0,25.0,0.0
3875.0,1855.0,0.0,14.0,0.0
114.0,7242.0,0.0,75.0,0.0
30.0,4229.0,0.0,176.0,0.0
147.0,8683.0,0.0,34.0,0.0
918.0,13107.0,0.0,146.0,0.0
104.0,10156.0,0.0,340.0,0.0
2117.0,8749.0,0.0,595.0,0.0
5411.0,3053.0,0.0,38.0,0.0
6909.0,753.0,0.0,0.0,0.0
845.0,8933.0,0.0,285.0,0.0
6710.0,843.0,0.0,6.0,0.0
3634.0,6334.0,0.0,5.0,0.0
639.0,8315.0,0.0,9.0,0.0
165.0,3908.0,0.0,1.0,0.0
1238.0,6103.0,0.0,162.0,0.0
573.0,8071.0,0.0,2.0,0.0
84.0,6720.0,0.0,10.0,0.0
363.0,7324.0,0.0,6.0,0.0
7397.0,1745.0,0.0,0.0,0.0
1180.0,5838.0,0.0,130.0,0.0
732.0,5214.0,0.0,53.0,0.0
8.0,16134.0,0.0,3.0,0.0
8200.0,1919.0,0.0,0.0,0.0
1975.0,13531.0,0.0,160.0,0.0
6.0,8144.0,0.0,1500.0,0.0
2.0,10725.0,0.0,255.0,0.0
3223.0,666.0,0.0,1.0,0.0
224.0,10695.0,0.0,0.0,0.0
7436.0,225.0,0.0,0.0,0.0
1024.0,5929.0,0.0,52.0,0.0
713.0,4288.0,0.0,67.0,0.0
1043.0,12216.0,0.0,10.0,0.0
978.0,18714.0,0.0,75.0,0.0
33.0,10165.0,0.0,48.0,0.0
618.0,6821.0,0.0,25.0,0.0
240.0,8534.0,0.0,50.0,0.0
1845.0,1608.0,0.0,3.0,0.0
1105.0,8447.0,0.0,48.0,0.0
3.0,5863.0,0.0,109.0,0.0
346.0,10912.0,0.0,510.0,0.0
80.0,4615.0,0.0,2.0,0.0
146.0,10419.0,0.0,2.0,0.0
629.0,12603.0,0.0,8.0,0.0
224.0,11425.0,0.0,389.0,0.0
1.0,7226.0,0.0,77.0,0.0
50.0,8691.0,0.0,15.0,0.0
613.0,7465.0,0.0,747.0,0.0
7199.0,3465.0,0.0,0.0,0.0
2585.0,10786.0,0.0,478.0,0.0
6592.0,19062.0,0.0,0.0,0.0
12530.0,14873.0,0.0,0.0,0.0
440.0,3878.0,0.0,2040.0,0.0
0.0,1.0,0.0,0.0,0.0
0.0,0.0,0.0,1.0,0.0
0.0,0.0,0.0,1.0,0.0
65.0,5272.0,8197.0,13.0,190.0
0.0,145450.0,0.0,4.0,0.0
0.0,0.0,0.0,37423.0,0.0
0.0,127671.0,0.0,0.0,0.0
0.0,0.0,0.0,15616.0,0.0
0.0,103736.0,0.0,0.0,0.0
0.0,33.0,0.0,32518.0,0.0
0.0,114695.0,0.0,0.0,0.0
0.0,0.0,0.0,16094.0,0.0
0.0,44499.0,0.0,0.0,0.0
0.0,0.0,0.0,18353.0,0.0
0.0,67878.0,0.0,0.0,0.0
0.0,0.0,0.0,16287.0,0.0
0.0,46808.0,0.0,0.0,0.0
0.0,74513.0,0.0,0.0,0.0
0.0,0.0,0.0,46756.0,0.0
0.0,48601.0,0.0,0.0,0.0
1.0,0.0,0.0,19992.0,0.0
0.0,10969.0,0.0,0.0,0.0
0.0,2.0,0.0,16676.0,0.0
0.0,52652.0,0.0,0.0,0.0
0.0,0.0,0.0,5941.0,0.0
0.0,70203.0,0.0,0.0,0.0
0.0,0.0,0.0,21410.0,0.0
0.0,58451.0,0.0,2.0,0.0
0.0,0.0,0.0,24591.0,0.0
0.0,78699.0,0.0,1.0,0.0
6.0,0.0,0.0,12184.0,0.0
0.0,84218.0,0.0,1.0,0.0
0.0,54514.0,0.0,0.0,0.0
9685.0,56695.0,0.0,317.0,0.0
0.0,18913.0,0.0,0.0,0.0
131.0,65894.0,0.0,806.0,0.0
0.0,68171.0,0.0,0.0,0.0
1600.0,12319.0,0.0,136.0,0.0
0.0,5505.0,0.0,0.0,0.0
801.0,10105.0,0.0,461.0,0.0
2488.0,0.0,0.0,0.0,0.0
680.0,11309.0,0.0,64.0,0.0
1.0,6611.0,0.0,0.0,0.0
61.0,12867.0,0.0,94.0,0.0
16478.0,44.0,0.0,0.0,0.0
132.0,30403.0,0.0,752.0,0.0
0.0,695.0,0.0,0.0,0.0
50.0,6651.0,0.0,166.0,0.0
4.0,18710.0,0.0,1.0,0.0
64.0,42891.0,0.0,28.0,0.0
9634.0,0.0,0.0,0.0,0.0
1267.0,12241.0,0.0,121.0,0.0
24982.0,64.0,0.0,0.0,0.0
1244.0,32786.0,0.0,1113.0,0.0
0.0,22185.0,0.0,7.0,0.0
2988.0,23489.0,0.0,231.0,0.0
0.0,4978.0,0.0,0.0,0.0
63.0,37641.0,0.0,366.0,0.0
0.0,6923.0,0.0,3.0,0.0
2618.0,16058.0,0.0,156.0,0.0
6835.0,4.0,0.0,0.0,0.0
341.0,8889.0,0.0,28.0,0.0
0.0,201.0,0.0,0.0,0.0
1792.0,12920.0,0.0,144.0,0.0
6814.0,1.0,0.0,0.0,0.0
2888.0,34349.0,0.0,314.0,0.0
9662.0,4.0,0.0,0.0,0.0
0.0,6888.0,0.0,14.0,0.0
1237.0,13196.0,0.0,172.0,0.0
4.0,12401.0,0.0,528.0,0.0
0.0,315.0,0.0,0.0,0.0
82.0,9212.0,0.0,188.0,0.0
1.0,11968.0,0.0,0.0,0.0
302.0,11820.0,0.0,176.0,0.0
26383.0,25.0,0.0,0.0,0.0
166.0,10469.0,0.0,189.0,0.0
0.0,17754.0,0.0,25.0,0.0
1.0,11392.0,0.0,117.0,0.0
24745.0,914.0,0.0,0.0,0.0
2493.0,13407.0,0.0,52.0,0.0
7215.0,0.0,0.0,0.0,0.0
885.0,14608.0,0.0,476.0,0.0
14937.0,2.0,0.0,0.0,0.0
971.0,11200.0,0.0,216.0,0.0
0.0,508.0,0.0,0.0,0.0
1026.0,12099.0,0.0,132.0,0.0
5612.0,1.0,0.0,0.0,0.0
16.0,10791.0,0.0,23.0,0.0
21702.0,26.0,0.0,0.0,0.0
2971.0,19097.0,0.0,120.0,0.0
13751.0,2.0,0.0,0.0,0.0
171.0,12167.0,0.0,113.0,0.0
6.0,20830.0,0.0,0.0,0.0
37.0,14963.0,0.0,237.0,0.0
0.0,611.0,0.0,0.0,0.0
376.0,10116.0,0.0,10.0,0.0
0.0,161.0,0.0,0.0,0.0
148.0,39371.0,0.0,85.0,0.0
0.0,226.0,0.0,0.0,0.0
1170.0,32249.0,0.0,1836.0,0.0
0.0,4125.0,0.0,0.0,0.0
2800.0,29513.0,0.0,818.0,0.0
4472.0,173.0,0.0,0.0,0.0
740.0,16096.0,0.0,179.0,0.0
3639.0,0.0,0.0,0.0,0.0
12.0,14740.0,0.0,164.0,0.0
0.0,3412.0,0.0,2.0,0.0
131.0,13833.0,0.0,299.0,0.0
26199.0,50.0,0.0,0.0,0.0
43.0,24925.0,0.0,783.0,0.0
2463.0,0.0,0.0,0.0,0.0
2703.0,146.0,0.0,0.0,0.0
0.0,121.0,0.0,0.0,0.0
3685.0,2.0,0.0,0.0,0.0
11.0,113.0,0.0,10.0,0.0
2.0,11752.0,0.0,0.0,0.0
0.0,1.0,0.0,1.0,0.0
4473.0,17.0,0.0,0.0,0.0
0.0,1.0,0.0,1.0,0.0
1.0,11875.0,0.0,1.0,0.0
1.0,21144.0,0.0,0.0,0.0
0.0,46.0,0.0,1.0,0.0
0.0,0.0,0.0,3.0,0.0
0.0,963.0,0.0,0.0,0.0
18608.0,8.0,0.0,0.0,0.0
10.0,17411.0,0.0,0.0,0.0
0.0,6.0,0.0,0.0,0.0
0.0,11007.0,0.0,2.0,0.0
11997.0,1.0,0.0,0.0,0.0
0.0,1.0,0.0,1.0,0.0
4.0,24317.0,0.0,0.0,0.0
26129.0,11.0,0.0,0.0,0.0
0.0,447.0,0.0,0.0,0.0
0.0,1.0,0.0,0.0,0.0
23222.0,133.0,0.0,0.0,0.0
21676.0,19.0,0.0,0.0,0.0
5.0,13.0,0.0,27.0,0.0
7488.0,158.0,0.0,0.0,0.0
0.0,15.0,0.0,15.0,0.0
0.0,5341.0,0.0,1.0,0.0
0.0,0.0,0.0,1.0,0.0
0.0,2.0,0.0,0.0,0.0
4907.0,0.0,0.0,0.0,0.0
0.0,1.0,0.0,5.0,0.0
12633.0,0.0,0.0,0.0,0.0
10231.0,9.0,0.0,0.0,0.0
0.0,332.0,0.0,0.0,0.0
2.0,27169.0,0.0,50.0,0.0
0.0,400.0,0.0,0.0,0.0
1.0,8952.0,0.0,0.0,0.0
7004.0,159.0,0.0,0.0,0.0
11155.0,195.0,0.0,0.0,0.0
1.0,14228.0,0.0,8.0,0.0
6.0,32752.0,0.0,0.0,0.0
16656.0,14.0,0.0,0.0,0.0
6543.0,1.0,0.0,0.0,0.0
5290.0,0.0,0.0,0.0,0.0
0.0,475.0,0.0,0.0,0.0
0.0,699.0,0.0,0.0,0.0
1.0,8396.0,0.0,0.0,0.0
6648.0,2180.0,0.0,1.0,0.0
31461.0,400.0,0.0,0.0,0.0
13283.0,23.0,0.0,0.0,0.0
8217.0,28.0,0.0,0.0,0.0
7640.0,2124.0,0.0,1.0,0.0
0.0,10942.0,0.0,3.0,0.0
4.0,18325.0,0.0,0.0,0.0
0.0,1307.0,0.0,0.0,0.0
13944.0,0.0,0.0,0.0,0.0
27894.0,1189.0,0.0,0.0,0.0
17545.0,948.0,0.0,0.0,0.0
0.0,4149.0,0.0,7.0,0.0
4872.0,14.0,0.0,0.0,0.0
8.0,28613.0,0.0,1.0,0.0
0.0,5233.0,0.0,0.0,0.0
0.0,8938.0,0.0,13.0,0.0
239.0,187.0,0.0,0.0,0.0
0.0,0.0,0.0,6126.0,0.0
0.0,135.0,0.0,21062.0,0.0
0.0,0.0,0.0,5940.0,0.0
0.0,83.0,0.0,38214.0,0.0
0.0,35.0,0.0,22745.0,0.0
0.0,0.0,0.0,5852.0,0.0
0.0,0.0,0.0,5530.0,0.0
0.0,0.0,0.0,10460.0,0.0
0.0,0.0,0.0,12339.0,0.0
0.0,66.0,0.0,21005.0,0.0
0.0,195.0,0.0,20068.0,0.0
0.0,111.0,0.0,20018.0,0.0
49.0,67046.0,0.0,6.0,0.0
9.0,11596.0,0.0,1.0,0.0
6.0,35467.0,0.0,1.0,0.0
2.0,13776.0,0.0,3.0,0.0
1.0,6339.0,0.0,4.0,0.0
52.0,94700.0,0.0,0.0,0.0
19.0,157.0,0.0,80.0,0.0
0.0,3.0,0.0,0.0,0.0
0.0,1.0,0.0,0.0,0.0
0.0,1.0,0.0,0.0,0.0
0.0,8.0,0.0,3.0,0.0
638.0,3.0,0.0,6.0,0.0
477.0,22.0,0.0,94.0,0.0
1.0,17.0,0.0,0.0,0.0
0.0,7.0,0.0,0.0,0.0
1.0,12.0,0.0,0.0,0.0
0.0,17.0,0.0,10.0,0.0
0.0,10.0,0.0,0.0,0.0
0.0,17.0,0.0,0.0,0.0
991.0,4.0,0.0,1.0,0.0
810.0,0.0,0.0,2.0,0.0
0.0,1.0,0.0,0.0,0.0
0.0,2.0,0.0,0.0,0.0
0.0,1.0,0.0,0.0,0.0
0.0,5.0,0.0,0.0,0.0
963.0,28.0,0.0,367.0,0.0
9230.0,2954464.0,0.0,497.0,0.0
26634.0,893509.0,0.0,13987.0,0.0
11.0,182.0,0.0,46.0,0.0
0.0,23.0,0.0,0.0,0.0
0.0,6.0,0.0,0.0,0.0
0.0,20.0,0.0,0.0,0.0
333404.0,3630055.0,0.0,768.0,0.0
456256.0,5338563.0,0.0,2025.0,0.0
0.0,760.0,0.0,8.0,0.0
130.0,88092.0,0.0,6.0,0.0
1.0,87.0,0.0,0.0,0.0
12528.0,0.0,0.0,0.0,0.0
73563.0,5.0,0.0,0.0,0.0
1.0,155084.0,0.0,16.0,0.0
19.0,26468.0,0.0,8.0,0.0
15349.0,255064.0,0.0,683.0,0.0
0.0,73.0,0.0,0.0,0.0
421.0,173367.0,0.0,12.0,0.0
214.0,309916.0,0.0,0.0,0.0
159999.0,0.0,0.0,0.0,0.0
574.0,5190.0,0.0,1.0,0.0
296.0,4091.0,0.0,0.0,0.0
241.0,6822.0,0.0,1.0,0.0
147.0,5120.0,0.0,1.0,0.0
480.0,6049.0,0.0,0.0,0.0
295.0,4349.0,0.0,2.0,0.0
99.0,6186.0,0.0,2.0,0.0
356.0,4424.0,0.0,2.0,0.0
275.0,5587.0,0.0,0.0,0.0
116.0,5686.0,0.0,0.0,0.0
0.0,5.0,0.0,0.0,0.0
720.0,7607.0,0.0,2.0,0.0
0.0,2.0,0.0,0.0,0.0
402.0,9537.0,0.0,2.0,0.0
556.0,3979.0,0.0,2.0,0.0
272.0,6379.0,0.0,2.0,0.0
0.0,39522.0,0.0,77708.0,0.0
707.0,4398.0,0.0,0.0,0.0
16.0,22930.0,0.0,90362.0,0.0
581.0,5153.0,0.0,1.0,0.0
848.0,4322.0,0.0,0.0,0.0
0.0,1.0,0.0,335415.0,0.0
59.0,5474.0,0.0,1.0,0.0
420.0,4820.0,0.0,1.0,0.0
0.0,0.0,0.0,422736.0,0.0
97.0,4637.0,0.0,0.0,0.0
133.0,6314.0,0.0,1.0,0.0
4635.0,154811.0,0.0,18.0,0.0
0.0,3.0,0.0,0.0,0.0
3116.0,155395.0,0.0,25.0,0.0
4523.0,160916.0,0.0,15.0,0.0
5454.0,169027.0,0.0,23.0,0.0
5087.0,127176.0,0.0,18.0,0.0
2694.0,95158.0,0.0,40.0,0.0
395.0,9569.0,0.0,2.0,0.0
6017.0,213967.0,0.0,32.0,0.0
145.0,2381.0,0.0,1.0,0.0
52.0,3997.0,0.0,1.0,0.0
4145.0,147812.0,0.0,60.0,0.0
116.0,4579.0,0.0,0.0,0.0
10816.0,265116.0,0.0,35.0,0.0
119.0,6789.0,0.0,1.0,0.0
10507.0,248820.0,0.0,28.0,0.0
266.0,5775.0,0.0,5.0,0.0
4144.0,108868.0,0.0,11.0,0.0
276.0,6158.0,0.0,0.0,0.0
3483.0,162741.0,0.0,26.0,0.0
118.0,4354.0,0.0,0.0,0.0
3957.0,126483.0,0.0,15.0,0.0
203.0,5408.0,0.0,1.0,0.0
162.0,6031.0,0.0,0.0,0.0
5411.0,143665.0,0.0,20.0,0.0
0.0,1.0,0.0,0.0,0.0
5212.0,128763.0,0.0,13.0,0.0
1.0,10211.0,0.0,0.0,0.0
88.0,18891.0,0.0,143.0,0.0
0.0,1.0,0.0,0.0,0.0
305.0,18133.0,0.0,177.0,0.0
63.0,31203.0,0.0,28.0,0.0
17.0,13017.0,0.0,7.0,0.0
13752.0,14.0,0.0,5.0,0.0
8585.0,23.0,0.0,5.0,0.0
8560.0,13.0,0.0,2.0,0.0
5824.0,1.0,0.0,2.0,0.0
115.0,17614.0,0.0,421.0,0.0
456.0,16798.0,0.0,70.0,0.0
17.0,15727.0,0.0,352.0,0.0
80.0,27939.0,0.0,25.0,0.0
16564.0,6.0,0.0,2.0,0.0
8245.0,10.0,0.0,147.0,0.0
0.0,12494.0,0.0,0.0,0.0
0.0,11315.0,0.0,0.0,0.0
0.0,13405.0,0.0,0.0,0.0
0.0,17881.0,0.0,0.0,0.0
0.0,12608.0,0.0,0.0,0.0
0.0,5207.0,0.0,0.0,0.0
419.0,30693.0,0.0,0.0,0.0
1622.0,29511.0,0.0,6.0,0.0
374.0,33683.0,0.0,0.0,0.0
555.0,30675.0,0.0,0.0,0.0
283.0,30186.0,0.0,1.0,0.0
1734.0,36591.0,0.0,1.0,0.0
898.0,41677.0,0.0,0.0,0.0
541.0,36443.0,0.0,2.0,0.0
21.0,30977.0,0.0,7.0,0.0
696.0,34226.0,0.0,3.0,0.0
480.0,37081.0,0.0,23.0,0.0
384.0,48440.0,0.0,1.0,0.0
236.0,39124.0,0.0,1.0,0.0
940.0,34323.0,0.0,7.0,0.0
1222.0,30590.0,0.0,0.0,0.0
677.0,42654.0,0.0,2.0,0.0
1346.0,42953.0,0.0,2.0,0.0
1332.0,41061.0,0.0,0.0,0.0
1503.0,32424.0,0.0,1.0,0.0
1993.0,41268.0,0.0,1.0,0.0
126.0,37715.0,0.0,3.0,0.0
634.0,31310.0,0.0,0.0,0.0
402.0,32652.0,0.0,0.0,0.0
1077.0,41628.0,0.0,0.0,0.0
9.0,113.0,0.0,6.0,0.0
3.0,74.0,0.0,14.0,0.0
17.0,144.0,0.0,12.0,0.0
15.0,203.0,0.0,28.0,0.0
2.0,46.0,0.0,16.0,0.0
20.0,106.0,0.0,20.0,0.0
10.0,117.0,0.0,18.0,0.0
4.0,45.0,0.0,0.0,0.0
2.0,31.0,0.0,0.0,0.0
0.0,3.0,0.0,0.0,0.0
1.0,29.0,0.0,0.0,0.0
2.0,24.0,0.0,0.0,0.0
2.0,34.0,0.0,0.0,0.0
2.0,46.0,0.0,0.0,0.0
32805.0,3.0,0.0,11.0,0.0
47578.0,3.0,0.0,0.0,0.0
42555.0,4.0,0.0,2.0,0.0
38749.0,4.0,0.0,6.0,0.0
33581.0,1.0,0.0,0.0,0.0
31195.0,0.0,0.0,0.0,0.0
26610.0,2.0,0.0,0.0,0.0
23979.0,0.0,0.0,0.0,0.0
33986.0,1.0,0.0,0.0,0.0
42785.0,0.0,0.0,0.0,0.0
47374.0,0.0,0.0,0.0,0.0
35221.0,0.0,0.0,0.0,0.0
46258.0,0.0,0.0,0.0,0.0
35953.0,0.0,0.0,0.0,0.0
40538.0,0.0,0.0,0.0,0.0
44711.0,16.0,0.0,2.0,0.0
31113.0,6.0,0.0,0.0,0.0
21494.0,0.0,0.0,0.0,0.0
35028.0,6.0,0.0,1.0,0.0
22698.0,0.0,0.0,2.0,0.0
48079.0,0.0,0.0,3.0,0.0
45101.0,0.0,0.0,0.0,0.0
50623.0,1.0,0.0,0.0,0.0
40763.0,0.0,0.0,0.0,0.0
38370.0,0.0,0.0,0.0,0.0
19679.0,0.0,0.0,0.0,0.0
21910.0,0.0,0.0,0.0,0.0
39853.0,0.0,0.0,0.0,0.0
36051.0,0.0,0.0,0.0,0.0
42986.0,0.0,0.0,0.0,0.0
20115.0,0.0,0.0,0.0,0.0
39375.0,0.0,0.0,0.0,0.0
41805.0,0.0,0.0,0.0,0.0
36299.0,1.0,0.0,0.0,0.0
20563.0,0.0,0.0,0.0,0.0
39436.0,0.0,0.0,1.0,0.0
2.0,41.0,0.0,0.0,0.0
2.0,43.0,0.0,0.0,0.0
0.0,2.0,0.0,0.0,0.0
0.0,1.0,0.0,0.0,0.0
27674.0,0.0,0.0,0.0,0.0
42114.0,3.0,0.0,1.0,0.0
26033.0,7.0,0.0,12.0,0.0
32707.0,0.0,0.0,0.0,0.0
42477.0,0.0,0.0,0.0,0.0
33540.0,0.0,0.0,0.0,0.0
47711.0,1.0,0.0,0.0,0.0
46452.0,0.0,0.0,0.0,0.0
45635.0,0.0,0.0,0.0,0.0
45052.0,0.0,0.0,0.0,0.0
29989.0,0.0,0.0,0.0,0.0
9992.0,0.0,0.0,0.0,0.0
22408.0,0.0,0.0,0.0,0.0
30306.0,0.0,0.0,0.0,0.0
1.0,105.0,0.0,0.0,0.0
7.0,1.0,0.0,0.0,0.0
0.0,3497.0,0.0,0.0,0.0
0.0,3395.0,0.0,0.0,0.0
0.0,3517.0,0.0,0.0,0.0
0.0,3550.0,0.0,0.0,0.0
0.0,3200.0,0.0,0.0,0.0
0.0,3500.0,0.0,0.0,0.0
0.0,3810.0,0.0,0.0,0.0
0.0,461.0,0.0,0.0,0.0
0.0,0.0,0.0,3865.0,0.0
0.0,0.0,0.0,3165.0,0.0
0.0,0.0,0.0,8547.0,0.0
0.0,0.0,0.0,4405.0,0.0
0.0,0.0,0.0,4296.0,0.0
0.0,0.0,0.0,3399.0,0.0
0.0,0.0,0.0,4380.0,0.0
0.0,0.0,0.0,1397.0,0.0
0.0,0.0,0.0,6176.0,0.0
0.0,0.0,0.0,2486.0,0.0
0.0,0.0,0.0,2651.0,0.0
0.0,0.0,0.0,3263.0,0.0
0.0,0.0,0.0,3314.0,0.0
0.0,0.0,0.0,3115.0,0.0
0.0,0.0,0.0,3241.0,0.0
0.0,0.0,0.0,4075.0,0.0
0.0,0.0,0.0,3021.0,0.0
0.0,0.0,0.0,5340.0,0.0
0.0,0.0,0.0,3682.0,0.0
0.0,0.0,0.0,4732.0,0.0
0.0,0.0,0.0,4871.0,0.0
0.0,0.0,0.0,3608.0,0.0
0.0,0.0,0.0,2534.0,0.0
0.0,0.0,0.0,2842.0,0.0
0.0,0.0,0.0,2759.0,0.0
0.0,0.0,0.0,3347.0,0.0
0.0,0.0,0.0,2945.0,0.0
0.0,0.0,0.0,2265.0,0.0
0.0,0.0,0.0,4095.0,0.0
0.0,0.0,0.0,3449.0,0.0
0.0,0.0,0.0,6831.0,0.0
0.0,0.0,0.0,5198.0,0.0
0.0,0.0,0.0,5664.0,0.0
0.0,0.0,0.0,4597.0,0.0
0.0,0.0,0.0,5339.0,0.0
0.0,0.0,0.0,3685.0,0.0
0.0,0.0,0.0,3102.0,0.0
8.0,109.0,0.0,9.0,0.0
9.0,108.0,0.0,8.0,0.0
8.0,95.0,0.0,27.0,0.0
3.0,67.0,0.0,33.0,0.0
3.0,63.0,0.0,8.0,0.0
14.0,93.0,0.0,20.0,0.0
7.0,84.0,0.0,12.0,0.0
12.0,103.0,0.0,9.0,0.0
2.0,62.0,0.0,41.0,0.0
